x = [
    0.00, 1.365774, 102.05, 0.000001, 102.05
   10.00, 0.996283,  -0.91, 0.587789, 106.53
   20.00, 0.995382,  -0.92, 0.874523, 147.98
   30.00, 0.995350,  -0.91, 0.946935, 167.99
   40.00, 0.995469,  -0.91, 0.970688,   1.32
   50.00, 0.995457,  -0.91, 0.981842, -168.10
   60.00, 0.995476,  -0.91, 0.988242, -158.93
   70.00, 0.995447,  -0.92, 0.992090, -150.59
   80.00, 0.995422,  -0.92, 0.994699, -142.77
   90.00, 0.995373,  -0.92, 0.996516, -135.31
  100.00, 0.995392,  -0.92, 0.997834, -128.09
  110.00, 0.995393,  -0.92, 0.998791, -121.05
  120.00, 0.995415,  -0.92, 0.999557, -114.16
  130.00, 0.995401,  -0.92, 1.000138, -107.36
  140.00, 0.995330,  -0.92, 1.000605, -100.65
  150.00, 0.995305,  -0.92, 1.000978, -94.01
  160.00, 0.995337,  -0.92, 1.001279, -87.42
  170.00, 0.995318,  -0.92, 1.001548, -80.87
  180.00, 0.995284,  -0.92, 1.001774, -74.37
  190.00, 0.995303,  -0.92, 1.001959, -67.89
  200.00, 0.995282,  -0.92, 1.002103, -61.44
  210.00, 0.995270,  -0.92, 1.002258, -55.01
  220.00, 0.995230,  -0.92, 1.002393, -48.61
  230.00, 0.995278,  -0.92, 1.002495, -42.22
  240.00, 0.995209,  -0.92, 1.002595, -35.84
  250.00, 0.995258,  -0.92, 1.002674, -29.48
  260.00, 0.995216,  -0.92, 1.002773, -23.14
  270.00, 0.995220,  -0.92, 1.002844, -16.80
  280.00, 0.995183,  -0.92, 1.002906, -10.47
  290.00, 0.995158,  -0.92, 1.002962,  -4.15
  300.00, 0.995187,  -0.92, 1.003026,   2.16
  310.00, 0.995170,  -0.92, 1.003084,   8.47
  320.00, 0.995148,  -0.92, 1.003129,  14.77
  330.00, 0.995127,  -0.92, 1.003162,  21.06
  340.00, 0.995122,  -0.92, 1.003205,  27.35
  350.00, 0.995106,  -0.92, 1.003240,  33.63
  360.00, 0.995078,  -0.92, 1.003266,  39.91
  370.00, 0.995060,  -0.92, 1.003304,  46.18
  380.00, 0.995078,  -0.92, 1.003310,  52.45
  390.00, 0.995032,  -0.92, 1.003313,  58.72
  400.00, 0.995056,  -0.92, 1.003331,  64.99
  410.00, 0.995021,  -0.92, 1.003335,  71.25
  420.00, 0.994997,  -0.92, 1.003349,  77.51
  430.00, 0.995013,  -0.92, 1.003348,  83.76
  440.00, 0.995031,  -0.93, 1.003348,  90.02
  450.00, 0.994988,  -0.92, 1.003362,  96.27
  460.00, 0.994993,  -0.92, 1.003372, 102.52
  470.00, 0.994957,  -0.92, 1.003357, 108.77
  480.00, 0.994959,  -0.92, 1.003329, 115.02
  490.00, 0.994943,  -0.92, 1.003324, 121.26
  500.00, 0.994946,  -0.92, 1.003320, 127.50
  510.00, 0.994942,  -0.93, 1.003309, 133.75
  520.00, 0.994938,  -0.93, 1.003301, 139.99
  530.00, 0.994920,  -0.93, 1.003289, 146.23
  540.00, 0.994903,  -0.93, 1.003274, 152.47
  550.00, 0.994905,  -0.93, 1.003267, 158.70
  560.00, 0.994876,  -0.92, 1.003273, 164.94
  570.00, 0.994996,  -0.93, 1.003268, 171.17
  580.00, 0.994873,  -0.93, 1.003255, 177.41
  590.00, 0.994860,  -0.93, 1.003236,   3.64
  600.00, 0.994801,  -0.93, 1.003232,   9.87
  610.00, 0.994835,  -0.93, 1.003214,  16.11
  620.00, 0.994841,  -0.93, 1.003202,  22.34
  630.00, 0.994809,  -0.93, 1.003191,  28.57
  640.00, 0.994805,  -0.93, 1.003207,  34.80
  650.00, 0.994804,  -0.93, 1.003217,  41.02
  660.00, 0.994733,  -0.93, 1.003220,  47.25
  670.00, 0.994783,  -0.93, 1.003180,  53.48
  680.00, 0.994799,  -0.93, 1.003192,  59.70
  690.00, 0.994788,  -0.93, 1.003206,  65.93
  700.00, 0.994747,  -0.93, 1.003201,  72.16
  710.00, 0.994719,  -0.93, 1.003217,  78.38
  720.00, 0.994703,  -0.93, 1.003220,  84.60
  730.00, 0.994651,  -0.93, 1.003209,  90.83
  740.00, 0.994710,  -0.93, 1.003186,  97.05
  750.00, 0.994682,  -0.93, 1.003198, 103.27
  760.00, 0.994708,  -0.93, 1.003194, 109.49
  770.00, 0.994671,  -0.93, 1.003180, 115.72
  780.00, 0.994691,  -0.93, 1.003188, -58.06
  790.00, 0.994663,  -0.93, 1.003176, -51.84
  800.00, 0.994618,  -0.93, 1.003163, -45.62
  810.00, 0.994631,  -0.93, 1.003150, -39.40
  820.00, 0.994640,  -0.93, 1.003153, -33.18
  830.00, 0.994628,  -0.93, 1.003142, -26.96
  840.00, 0.994617,  -0.93, 1.003134, -20.74
  850.00, 0.994567,  -0.93, 1.003120, -14.53
  860.00, 0.994593,  -0.93, 1.003117,  -8.31
  870.00, 0.994563,  -0.93, 1.003101,  -2.09
  880.00, 0.994571,  -0.93, 1.003095,   4.13
  890.00, 0.994553,  -0.93, 1.003099,  10.35
  900.00, 0.994530,  -0.93, 1.003107,  16.56
  910.00, 0.994490,  -0.93, 1.003063,  22.78
  920.00, 0.994581,  -0.93, 1.003064,  29.00
  930.00, 0.994566,  -0.94, 1.003058,  35.21
  940.00, 0.994553,  -0.93, 1.003049,  41.43
  950.00, 0.994532,  -0.93, 1.003042,  47.65
  960.00, 0.994459,  -0.93, 1.003026,  53.86
  970.00, 0.994433,  -0.94, 1.003016,  60.08
  980.00, 0.994418,  -0.93, 1.003016,  66.30
  990.00, 0.994457,  -0.93, 1.003025,  72.51
 1000.00, 0.994424,  -0.93, 1.003018,  78.73
 1010.00, 0.994376,  -0.93, 1.003018,  84.94
 1020.00, 0.994379,  -0.94, 1.003001,  91.16
 1030.00, 0.994424,  -0.94, 1.002996,  97.37
 1040.00, 0.994376,  -0.94, 1.003013, 103.59
 1050.00, 0.994402,  -0.94, 1.003003, 109.80
 1060.00, 0.994345,  -0.94, 1.003022, 116.02
 1070.00, 0.994336,  -0.94, 1.003028, 122.23
 1080.00, 0.994344,  -0.94, 1.003027, 128.44
 1090.00, 0.994320,  -0.94, 1.003030, 134.66
 1100.00, 0.994299,  -0.94, 1.003033, 140.87
 1110.00, 0.994289,  -0.94, 1.003025, 147.08
 1120.00, 0.994297,  -0.94, 1.003057, 153.30
 1130.00, 0.994292,  -0.93, 1.003048, 159.51
 1140.00, 0.994272,  -0.94, 1.003045, 165.72
 1150.00, 0.994259,  -0.94, 1.003049, 171.94
 1160.00, 0.994179,  -0.94, 1.003060, 178.15
 1170.00, 0.994239,  -0.94, 1.003059,   4.36
 1180.00, 0.994253,  -0.94, 1.003047,  10.57
 1190.00, 0.994176,  -0.94, 1.003058,  16.79
 1200.00, 0.994190,  -0.94, 1.003082,  23.00
 1210.00, 0.994173,  -0.94, 1.003076,  29.21
 1220.00, 0.994176,  -0.94, 1.003065,  35.42
 1230.00, 0.994154,  -0.94, 1.003061,  41.63
 1240.00, 0.994160,  -0.94, 1.003038,  47.85
 1250.00, 0.994141,  -0.94, 1.003055,  54.06
 1260.00, 0.994166,  -0.94, 1.003046,  60.27
 1270.00, 0.994151,  -0.94, 1.003045,  66.48
 1280.00, 0.994120,  -0.94, 1.003051,  72.69
 1290.00, 0.994119,  -0.94, 1.003050,  78.90
 1300.00, 0.994012,  -0.94, 1.003050,  85.12
 1310.00, 0.994087,  -0.94, 1.003061,  91.33
 1320.00, 0.994071,  -0.94, 1.003059,  97.54
 1330.00, 0.994053,  -0.94, 1.003059, 103.75
 1340.00, 0.994057,  -0.94, 1.003054, 109.96
 1350.00, 0.994004,  -0.94, 1.003054, 116.17
 1360.00, 0.994013,  -0.94, 1.003053, 122.38
 1370.00, 0.994004,  -0.94, 1.003053, 128.59
 1380.00, 0.994003,  -0.94, 1.003074, 134.80
 1390.00, 0.993981,  -0.94, 1.003092, 141.02
 1400.00, 0.993926,  -0.95, 1.003106, 147.23
 1410.00, 0.993959,  -0.94, 1.003098, 153.44
 1420.00, 0.994069,  -0.96, 1.003110, 159.65
 1430.00, 0.993971,  -0.94, 1.003125, 165.86
 1440.00, 0.993920,  -0.94, 1.003135, 172.07
 1450.00, 0.993898,  -0.95, 1.003132, 178.28
 1460.00, 0.993908,  -0.95, 1.003131,   4.49
 1470.00, 0.993908,  -0.94, 1.003141,  10.70
 1480.00, 0.993903,  -0.95, 1.003156,  16.91
 1490.00, 0.993901,  -0.95, 1.003162,  23.12
 1500.00, 0.993834,  -0.95, 1.003175,  29.33
 1510.00, 0.993863,  -0.95, 1.003171,  35.54
 1520.00, 0.993856,  -0.95, 1.003162,  41.75
 1530.00, 0.993842,  -0.95, 1.003192,  47.96
 1540.00, 0.993785,  -0.95, 1.003192,  54.17
 1550.00, 0.993812,  -0.95, 1.003213,  60.38
 1560.00, 0.993784,  -0.95, 1.003207,  66.59
 1570.00, 0.993812,  -0.95, 1.003217,  72.80
 1580.00, 0.993804,  -0.95, 1.003207,  79.01
 1590.00, 0.993744,  -0.95, 1.003215,  85.22
 1600.00, 0.993788,  -0.95, 1.003216,  91.43
 1610.00, 0.993756,  -0.95, 1.003218,  97.64
 1620.00, 0.993740,  -0.95, 1.003219, 103.84
 1630.00, 0.993700,  -0.95, 1.003230, 110.05
 1640.00, 0.993626,  -0.95, 1.003232, 116.26
 1650.00, 0.993694,  -0.95, 1.003238, 122.47
 1660.00, 0.993680,  -0.95, 1.003236, 128.68
 1670.00, 0.993683,  -0.95, 1.003259, 134.89
 1680.00, 0.993641,  -0.95, 1.003254, 141.10
 1690.00, 0.993678,  -0.95, 1.003245, 147.31
 1700.00, 0.993654,  -0.95, 1.003256, 153.52
 1710.00, 0.993649,  -0.95, 1.003244, 159.73
 1720.00, 0.993601,  -0.95, 1.003243, 165.94
 1730.00, 0.993554,  -0.95, 1.003259, 172.15
 1740.00, 0.993629,  -0.95, 1.003263, 178.35
 1750.00, 0.993568,  -0.95, 1.003261,   4.56
 1760.00, 0.993583,  -0.95, 1.003263,  10.77
